--------------------------------------------------
--- PROJECT NOTES --------------------------------
--------------------------------------------------

--- SHAPES/POSITIONS ----------------------------- ["I", "J", "L", "O", "S", "T", "Z"]

3|         
2|         
1|         
0|         
  -------- 
  -1 0 1 2 


POSITION:      0             1              2              3

SHAPE: I  2|   0        2|             2|   3         2|         
          1|   1        1|             1|   2         1|         
          0|   2        0| 3 2 1 0     0|   1         0| 0 1 2 3 
         -1|   3       -1|            -1|   0        -1|         
            --------      --------       --------       -------- 
            -1 0 1 2      -1 0 1 2       -1 0 1 2       -1 0 1 2 


SHAPE: J  2|            2|             2|             2|         
          1|   0        1| 3           1|   2 3       1|         
          0|   1        0| 2 1 0       0|   1         0| 0 1 2   
         -1| 3 2       -1|            -1|   0        -1|     3   
            --------      --------       --------       -------- 
            -1 0 1 2      -1 0 1 2       -1 0 1 2       -1 0 1 2 


SHAPE: L  2|            2|             2|             2|         
          1|   0        1|             1| 3 2         1|     3   
          0|   1        0| 2 1 0       0|   1         0| 0 1 2   
         -1|   2 3     -1| 3          -1|   0        -1|         
            --------      --------       --------       -------- 
            -1 0 1 2      -1 0 1 2       -1 0 1 2       -1 0 1 2 


SHAPE: O  2|            2|             2|             2|         
          1|            1|             1|             1|         
          0| 0 1        0| 3 0         0| 2 3         0| 1 2     
         -1| 3 2       -1| 2 1        -1| 1 0        -1| 0 3     
            --------      --------       --------       -------- 
            -1 0 1 2      -1 0 1 2       -1 0 1 2       -1 0 1 2 


SHAPE: S  2|            2|             2|             2|         
          1|            1| 3           1|             1| 0       
          0|   1 0      0| 2 1         0|   2 3       0| 1 2     
         -1| 3 2       -1|   0        -1| 0 1        -1|   3     
            --------      --------       --------       -------- 
            -1 0 1 2      -1 0 1 2       -1 0 1 2       -1 0 1 2 


SHAPE: T  2|            2|             2|             2|         
          1|            1|   0         1|   3         1|   2     
          0| 0 1 2      0| 3 1         0| 2 1 0       0|   1 3   
         -1|   3       -1|   2        -1|            -1|   0     
            --------      --------       --------       -------- 
            -1 0 1 2      -1 0 1 2       -1 0 1 2       -1 0 1 2 


SHAPE: Z  2|            2|             2|             2|         
          1|            1|   0         1|             1|   3     
          0| 0 1        0| 2 1         0| 3 2         0| 1 2     
         -1|   2 3     -1| 3          -1|   1 0      -1| 0       
            --------      --------       --------       -------- 
            -1 0 1 2      -1 0 1 2       -1 0 1 2       -1 0 1 2              
